101000101110100010101010001010111010001110000000111011101000101010001011100010100010111
00001000101110001110111011100010101010001110001010000000101011100010101000101110111
101110001110111000111010001011101000100010101010001010100011101110001010100000001
111011100010001110101110000000000010111000000010001000101110111011100010101
000010111010100010101110100010111000101010100011100011101110100000000000101011100011101110111
10001110101110111000101011100010111010100010000000101000111010101000101000101010001110111
111010101110000000101110101000101110101000101110101000101110100010101011100010001110001110001
1110001110000000000010111011101000100010001110101110100000000
11101010001010100010111010001010001110100010100010111010001010000000111010101000111011101
100000001010001110101110100011100011101010001011100010001110101110100010001011101
11101000111010101000100010000000100010111011100010101110100010111010100010111010001
